4,128475,237635
5,128476,237636
6,128477,2
8,128475,237638
5,128478,237639
6,128479,7
51,128509,50
60,128511,59
63,128512,237644
64,128513,61
20,128480,48
64,128608,155
156,128609,161
161,128610,162
60,128511,168
173,128611,171
176,128612,174
185,128615,237651
186,128616,237652
187,128617,237653
188,128618,64
64,128620,190
64,128621,193
200,128622,198
203,128624,202
206,128625,172
60,128511,218
222,128631,221
221,128649,238
26,128650,237662
221,128651,239
26,128652,237664
221,128653,241
221,128654,243
250,128659,253
250,128660,259
250,128661,261
250,128662,263
250,128663,268
250,128665,271
250,128668,275
250,128671,279
250,128675,284
250,128677,287
250,128679,290
250,128681,293
250,128683,255
250,128684,297
250,128688,302
250,128689,304
250,128690,306
250,128691,308
250,128693,311
250,128695,314
250,128697,317
128737,128738,361197
350,361197,352
359,128739,357
365,128743,237691
128742,128744,361199
362,128740,237690
128741,361199,361198
361,361198,360
367,128742,366
128623,128745,361200
371,361200,370
128623,128747,361202
128746,361202,361201
374,361201,373
373,128748,377
382,128749,380
385,128750,383
374,128742,387
391,128749,390
395,128751,237701
128752,128753,361203
390,361203,392
390,128754,397
390,128755,398
390,128756,400
403,128654,237706
390,128757,402
390,128758,404
390,128759,406
390,128760,408
390,128761,410
390,128762,412
128763,128764,361205
128742,361205,361204
374,361204,414
128623,128765,361206
418,361206,417
128766,128767,361208
128742,361208,361207
422,361207,420
128766,128768,361210
128742,361210,361209
422,361209,425
128742,128766,361211
422,361211,427
128766,128769,361213
128742,361213,361212
422,361212,428
128766,128770,361215
128742,361215,361214
422,361214,430
128766,128771,361217
128742,361217,361216
422,361216,432
437,128742,436
436,128772,438
436,128610,440
385,128773,441
441,128775,444
449,128776,237726
441,128777,447
441,128778,450
441,128779,452
456,128780,237730
441,128781,454
441,128782,457
441,128783,459
128742,128784,361218
461,361218,460
464,128742,463
466,128749,465
472,128742,471
476,128742,475
478,128742,237739
479,128785,477
481,128742,480
483,128742,482
128742,128764,361219
374,361219,484
484,128610,485
487,128742,486
128787,128788,361220
497,361220,237746
495,128789,496
496,128790,500
469,128791,501
495,128792,504
469,128793,506
514,128794,237752
128795,128796,361222
128742,361222,361221
512,361221,511
422,361209,516
518,128742,517
431,128797,519
521,128742,520
514,128798,237757
128799,128800,361224
128742,361224,361223
523,361223,522
522,128610,525
128796,128799,361226
128742,361226,361225
512,361225,526
128795,128800,361228
128742,361228,361227
523,361227,527
527,128610,528
185,128802,237763
536,128803,237764
128801,128804,361229
531,361229,533
531,128804,537
539,128805,538
553,128807,551
556,128808,237769
557,128809,554
558,128810,560
128811,128812,361230
497,361230,237772
558,128813,562
128812,128814,361231
497,361231,237774
558,128815,565
128816,128817,361233
568,361233,237776
128817,128819,361234
568,361234,237777
128818,128820,361232
558,361232,567
128816,128822,361236
572,361236,237779
128821,128823,361235
558,361235,570
128826,128827,361240
128825,361240,361239
575,361239,237781
128822,128828,361238
572,361238,237782
128824,128829,361237
558,361237,574
128823,128824,361241
558,361241,577
128817,128831,361243
568,361243,237785
128830,128832,361242
558,361242,578
128831,128833,361245
568,361245,237787
128830,128834,361244
558,361244,580
128835,128836,361246
558,361246,582
128837,128838,361247
558,361247,585
128838,128839,361248
558,361248,588
128841,128842,361250
128840,361250,361249
558,361249,590
593,128810,237793
128843,128844,361251
558,361251,594
128838,128845,361252
558,361252,599
128846,128847,361253
575,361253,237796
558,128848,601
558,128759,603
606,128849,237799
607,128850,237800
558,128851,604
128852,128853,361254
609,361254,237802
558,128854,608
128855,361240,361257
575,361257,237804
128822,128856,361256
572,361256,237805
128826,128858,361258
575,361258,237806
185,128859,237807
536,128860,237808
128857,128861,361255
558,361255,612
128823,128861,361259
558,361259,614
128838,128862,361260
558,361260,615
619,128863,621
621,128864,623
619,128864,625
128864,128865,361261
619,361261,626
514,128866,237816
630,128867,237817
631,128868,628
636,128869,638
643,128870,237820
636,128871,640
650,128872,652
128873,128874,361262
650,361262,654
650,128875,656
185,128877,237825
128876,128878,361263
658,361263,661
128749,128874,361264
658,361264,664
382,128492,237828
667,128879,20
20,128881,669
687,128885,686
128889,128890,361265
350,361265,713
128896,128897,361268
730,361268,237833
128895,128898,361267
728,361267,237834
128799,128899,361266
512,361266,727
744,128903,237836
739,128904,741
128897,128906,361269
760,361269,759
764,128907,762
763,128910,767
763,128911,769
776,128913,779
790,128915,789
6,128916,791
792,128913,794
790,128917,237846
128918,128919,361271
128623,361271,361270
800,361270,799
800,128919,237848
790,128920,237849
801,128921,803
203,128922,804
815,128928,819
818,128929,821
830,128930,831
834,128931,836
811,128933,841
395,128938,237861
872,128939,870
874,128939,873
385,128940,875
128941,128942,361272
875,361272,510
882,128939,881
128939,128943,361273
884,361273,883
395,128938,892
892,128944,893
892,128945,895
395,128946,494
667,128959,918
932,128969,237872
927,128970,929
956,128979,954
962,128981,964
962,128982,966
962,128983,968
962,128935,970
962,128984,971
962,128985,973
962,128986,975
962,128987,977
962,128988,979
962,128989,981
962,128990,983
962,128991,985
962,128992,987
962,128993,989
962,128994,991
962,128995,994
962,128996,996
962,128997,998
962,128998,1000
962,128999,1002
962,129000,1004
962,129001,1006
962,129002,1008
962,129003,1010
962,128934,1012
962,129004,1013
962,129005,1015
962,129006,1017
962,128905,1019
962,129007,1020
962,129008,1022
962,129009,1024
962,129010,1026
962,129011,1028
962,129012,1030
962,129013,1032
962,129014,1034
962,129015,1037
962,129016,1039
962,129017,1041
962,129018,1043
962,129019,1045
962,129020,1047
962,129021,1049
962,129022,1051
962,129023,1053
962,129024,1055
962,129025,1057
962,129026,1059
962,129027,1061
1065,129028,237926
962,129029,1063
962,129030,1066
962,129031,1068
1070,129028,237930
962,129032,1069
128812,129033,361274
497,361274,237932
962,129034,1071
1071,129035,1073
1076,129036,237935
1077,129037,237936
1078,129038,237937
1079,129040,237938
1080,129041,237939
129039,129042,361275
962,361275,1074
1082,129043,237941
1083,129044,237942
1084,129045,237943
962,129046,1081
1087,129047,237945
962,129048,1085
962,129049,1088
962,129050,1090
962,129051,1092
962,129052,1093
962,129053,1095
962,129054,1097
962,129055,1098
962,129056,1099
962,129057,1101
962,129058,1103
962,129059,1105
1108,129060,237958
962,129061,1107
1108,129062,237960
962,129063,1109
962,129064,1110
962,129065,1112
185,129066,237964
536,129067,237965
962,129068,1114
1118,129069,237967
185,129070,237968
536,129071,237969
962,129072,1116
1121,129073,237971
185,129074,237972
536,129075,237973
962,129076,1119
1118,129073,237975
1121,129077,237976
185,129078,237977
536,129079,237978
962,129080,1122
1118,129081,237980
185,129082,237981
536,129083,237982
962,129084,1123
1118,129085,237984
185,129086,237985
536,129087,237986
962,129088,1124
185,129089,237988
536,129090,237989
962,129091,1126
1118,129077,237991
185,129092,237992
536,129093,237993
962,129094,1127
1130,129095,237995
185,129096,237996
536,129097,237997
962,129098,1128
1130,129099,237999
185,129100,238000
536,129101,238001
962,129102,1131
1130,129103,238003
185,129104,238004
536,129105,238005
962,129106,1133
1130,129107,238007
185,129108,238008
536,129109,238009
962,129110,1135
129111,129112,361276
568,361276,238011
185,129113,238012
536,129114,238013
962,129115,1137
382,129116,238015
185,129117,238016
536,129118,238017
962,129119,1140
185,129120,238019
536,129121,238020
962,129122,1142
1146,129123,238022
185,129124,238023
536,129125,238024
962,129126,1144
1146,129127,238026
185,129128,238027
536,129129,238028
962,129130,1147
1146,129131,238030
185,129132,238031
536,129133,238032
962,129134,1149
1146,129135,238034
185,129136,238035
536,129137,238036
962,129138,1151
129139,129140,361277
1146,361277,238038
185,129141,238039
536,129142,238040
962,129143,1153
129140,129144,361278
1146,361278,238042
185,129145,238043
536,129146,238044
962,129147,1154
129139,129148,361279
1146,361279,238046
185,129149,238047
536,129150,238048
962,129151,1155
129144,129148,361280
1146,361280,238050
185,129152,238051
536,129153,238052
962,129154,1157
129144,129155,361281
1146,361281,238054
185,129156,238055
536,129157,238056
962,129158,1158
185,129159,238058
536,129160,238059
962,129161,1159
185,129162,238061
536,129163,238062
962,129164,1160
185,129165,238064
536,129166,238065
962,129167,1161
1165,129168,238067
185,129169,238068
536,129170,238069
962,129171,1163
185,129172,238071
536,129173,238072
962,129174,1166
185,129175,238074
536,129176,238075
962,129177,1167
185,129178,238077
536,129179,238078
962,129180,1169
185,129181,238080
536,129182,238081
962,129183,1170
339,129184,238083
185,129185,238084
536,129186,238085
962,129187,1171
185,129188,238087
536,129189,238088
962,129190,1173
129191,129192,361282
1176,361282,238090
185,129193,238091
536,129194,238092
962,129195,1175
129191,129196,361283
1176,361283,238094
185,129197,238095
536,129198,238096
962,129199,1179
185,129200,238098
536,129201,238099
962,129202,1181
185,129203,238101
536,129204,238102
962,129205,1182
185,129206,238104
536,129207,238105
962,129208,1183
185,129209,238107
536,129210,238108
962,129211,1184
185,129212,238110
536,129213,238111
962,129214,1185
185,129215,238113
536,129216,238114
962,129217,1187
185,129218,238116
536,129219,238117
962,129220,1189
129221,129222,361284
497,361284,238119
1150,129223,238120
185,129224,238121
536,129225,238122
962,129226,1190
185,129227,238124
536,129228,238125
962,129229,1193
185,129230,238127
536,129231,238128
962,129232,1194
185,129233,238130
536,129234,238131
962,129235,1196
129236,129237,361285
575,361285,238133
1200,129238,238134
185,129239,238135
536,129240,238136
962,129241,1197
1200,129242,238138
185,129243,238139
536,129244,238140
962,129245,1201
185,129246,238142
536,129247,238143
962,129248,1202
129222,129249,361286
497,361286,238145
1203,129250,238146
185,129251,238147
536,129252,238148
962,129253,1204
185,129254,238150
536,129255,238151
962,129256,1206
1210,129257,238153
962,129258,1208
962,129259,1211
129259,129260,361287
962,361287,1213
962,128884,1215
962,129261,1216
962,129262,1218
962,129263,1220
962,129264,1222
962,129260,1224
962,129265,1225
962,129266,1227
962,129267,1229
1240,129268,1238
382,129269,238167
667,129270,1248
1248,129271,1250
1248,129272,1253
382,129269,1255
1255,129273,1256
639,129269,1259
1210,129274,238173
1265,129275,1264
729,129276,238175
1271,129277,1269
729,129278,238177
1271,129279,1272
129280,129281,361288
1275,361288,1274
1279,129280,1278
514,129282,238181
129283,129284,361289
1278,361289,1280
1278,129285,1283
128839,129280,361290
1285,361290,1284
129280,129286,361291
1287,361291,1286
1290,129280,1289
1292,129280,1291
1294,129280,1293
1278,129287,1295
1298,129280,1297
1300,129280,1299
129280,129288,361292
1285,361292,1301
1304,129280,1303
1306,129289,1276
1308,129280,1307
1310,129280,1309
1314,129280,1311
1316,129280,1315
129290,129291,361293
1318,361293,238199
1271,129292,1317
129280,129293,361294
1322,361294,1321
1337,129280,1335
1348,129280,1271
1271,129306,1349
129308,129309,361295
1352,361295,1351
956,129280,1355
1358,129280,1357
1360,129280,1359
1362,129280,1361
1364,129280,1363
1277,129280,1367
1370,129280,1369
1372,129280,1371
1374,129280,1373
1240,129280,1375
1377,129280,1376
1379,129280,1378
1381,129280,1380
1383,129280,1382
1385,129280,1384
431,129312,238221
129280,129313,361296
1387,361296,1386
129280,129314,361297
1285,361297,1389
1422,129322,1423
1422,128663,1424
1422,128665,1425
1422,128668,1427
1422,128671,1429
1422,128675,1431
1422,128679,1433
1422,128681,1435
1422,128683,1437
1422,128684,1442
1422,128688,1448
1422,128689,1449
1422,128690,1450
1422,128691,1451
1422,128693,1453
1422,128695,1455
1422,128697,1457
203,129369,1486
1387,129372,1490
1495,129373,238244
382,129374,1494
1498,129375,238246
1495,129376,238247
382,129377,1496
1498,129378,1499
1498,129379,1501
1498,129380,1503
1498,129381,1505
1498,129382,1506
1511,128510,1510
1516,129373,238255
382,129384,1515
1516,129376,238257
382,129385,1517
1523,129386,238259
1515,129387,1520
514,129388,238261
630,129389,238262
631,129390,1528
385,129391,1536
129392,129393,361299
1539,361299,238265
129394,129395,361298
1536,361298,1538
129395,129396,361300
1536,361300,1543
1536,129397,1545
129398,129399,361301
575,361301,238269
1536,129400,1546
129398,129401,361302
575,361302,238271
1536,129402,1548
129398,129403,361303
575,361303,238273
1536,129404,1550
129405,129406,361304
575,361304,238275
1536,129407,1551
129408,129409,361305
575,361305,238277
1536,129410,1553
1536,129411,1554
1555,129412,238280
1536,129413,1556
1555,129414,238282
1536,129415,1557
1555,129416,238284
1536,129417,1559
1555,129418,238286
1536,129419,1561
1555,129420,238288
1536,129421,1563
1555,129422,238290
1536,129423,1565
1555,129424,238292
1536,129425,1567
1555,129426,238294
1536,129427,1569
129428,129429,361306
497,361306,238296
1555,129430,238297
1536,129431,1570
1536,129432,1573
1536,129433,1575
1536,129434,1576
395,128946,237870
129435,129436,361307
1536,361307,1578
1536,129437,1579
1536,128758,1580
1536,129438,1581
1536,129439,1583
1586,129440,238307
1536,129441,1585
1536,129442,1587
1536,129443,1589
1536,129444,1591
129429,129445,361308
497,361308,238312
1592,129446,238313
1536,129447,1593
129429,129448,361309
497,361309,238315
1592,129449,238316
1536,129450,1595
129429,129451,361310
497,361310,238318
1592,129452,238319
1536,129453,1597
1536,128759,1599
1536,129454,1600
1536,129455,1602
129429,129456,361311
497,361311,238324
1606,129457,238325
1536,129458,1604
129429,129459,361312
497,361312,238327
1606,129460,238328
1536,129461,1607
129429,129462,361313
497,361313,238330
1606,129463,238331
1536,129464,1609
1536,129465,1611
1536,129466,1613
1536,129467,1614
1536,128762,1616
1536,129468,1617
129469,129470,361314
1536,361314,1619
129471,129472,361315
1536,361315,1620
1625,129473,1623
129474,129475,361316
1629,361316,238341
1626,129476,1628
129475,129477,361317
1629,361317,238343
1626,129478,1631
1626,129479,1633
1626,129480,1635
1637,128849,238347
185,129481,238348
536,129482,238349
1626,129483,1636
1642,129484,1644
1642,129485,1645
129486,129487,361318
568,361318,238353
1642,129488,1646
129489,129490,361319
568,361319,238355
1642,129491,1649
128853,129492,361321
129422,361321,361320
568,361320,238357
1642,129493,1652
609,129489,238359
129490,129494,361322
568,361322,238360
1642,129495,1654
609,129422,238362
129496,361321,361323
568,361323,238363
1642,129497,1655
1642,129498,1656
1642,129499,1658
1642,129500,1660
1642,129501,1661
1642,129502,1663
1642,129503,1665
1642,129504,1666
185,129505,238372
536,129506,238373
1642,129507,1667
1642,129508,1668
129112,129420,361324
568,361324,238376
1642,129509,1669
1642,129510,1670
1642,129511,1672
1642,129512,1674
1076,129513,238381
1689,129515,238382
129514,129516,361325
1684,361325,1686
1692,129517,238384
1693,128799,238385
129518,129519,361326
1684,361326,1690
1684,129520,1694
128798,129521,361327
514,361327,238388
790,129522,238389
1697,129523,238390
1684,129524,1695
1684,129525,1698
1684,129526,1700
1704,129527,238394
1705,129528,238395
1684,129529,1702
1684,129530,1706
1724,129536,1728
1724,129537,1730
1712,129538,1733
1712,129539,1735
1712,129540,1736
1712,129541,1738
1742,129542,238404
1743,129543,238405
1744,129544,1741
1516,129545,238407
382,129546,1749
1752,129550,1751
1753,129551,1500
1782,129550,1781
1786,129551,1769
1516,129571,238413
382,129572,1787
1775,129573,238415
1516,129574,238416
382,129575,1790
1077,129576,1791
382,129578,1793
1795,128913,1799
1805,128913,1809
1516,129582,238422
382,129583,1810
185,129585,238424
536,129586,238425
129584,129587,361328
1822,361328,1823
1742,129588,238427
1743,129589,238428
1744,129590,1826
1742,129601,238431
1743,129602,238432
1826,129603,1842
1742,129604,238434
1743,129605,238435
1826,129606,1844
1857,129614,1859
129615,129616,361331
707,361331,238441
129618,129619,361332
707,361332,238442
129617,129620,361330
1862,361330,238443
129614,129621,361329
1857,361329,1861
129615,129622,361335
707,361335,238445
129618,129624,361336
707,361336,238446
129623,129625,361334
1862,361334,238447
129614,129626,361333
1857,361333,1867
129615,129627,361339
707,361339,238449
129618,129629,361340
707,361340,238450
129628,129630,361338
1862,361338,238451
129614,129631,361337
1857,361337,1870
129615,129632,361343
707,361343,238453
129618,129634,361344
707,361344,238454
129633,129635,361342
1862,361342,238455
129614,129636,361341
1857,361341,1872
1876,128817,238457
1857,129637,1875
1876,128833,238459
1857,129638,1877
1857,129639,1878
1893,129640,238462
1894,129641,1891
1897,129642,238464
1898,129643,1895
1897,129644,238466
1898,129645,1899
1862,129651,1928
1933,128904,1932
385,129652,1934
1934,129653,1936
1934,129654,1939
1934,129655,1942
1934,129656,1944
129657,129658,361345
1934,361345,1946
129658,129659,361346
1934,361346,1948
413,129660,1950
1933,128904,1935
129436,129661,361347
1932,361347,1951
1932,129662,1952
129436,129439,361348
1932,361348,1954
1743,129663,1955
1743,129664,1957
129665,129666,361349
1960,361349,238483
1743,129667,1959
