11,12
13,14
15,16
17,16
18,19
237641,20
34,35
55,56
57,58
179,180
214,215
236,237
244,245
250,251
277,322
273,322
324,334
330,334
289,322
281,322
282,322
350,351
384,386
386,443
541,542
543,544
547,548
549,550
617,618
619,620
632,633
634,635
636,637
644,645
646,647
648,649
650,651
658,536
659,660
665,666
672,673
674,675
676,677
678,679
680,16
681,16
682,683
688,16
689,691
691,692
694,691
695,694
696,694
697,694
699,694
700,694
703,636
704,705
706,707
708,709
710,35
716,717
719,245
723,724
725,726
732,724
67,736
739,740
709,747
748,749
752,16
753,752
754,16
756,16
757,758
763,765
771,16
772,771
773,16
774,16
775,16
776,777
781,16
782,783
784,785
787,788
792,793
795,794
796,797
798,16
806,807
237852,395
809,16
810,809
237853,514
237854,817
815,818
823,824
785,797
825,826
827,828
829,827
830,826
832,833
834,835
838,839
843,844
845,846
847,16
849,16
850,16
852,853
855,852
857,852
858,852
859,852
860,861
862,863
866,867
237861,395
876,443
886,709
887,888
395,889
890,891
899,900
901,16
902,550
903,839
906,908
910,911
914,919
915,921
926,16
933,934
935,936
940,941
237874,944
946,940
947,940
948,666
949,16
952,953
957,658
780,959
1237,536
1241,1242
1243,1244
1245,1243
1246,1247
1260,1261
1262,1263
1266,673
1324,1325
1334,1335
1338,1339
1340,1338
1346,1339
1347,1339
1391,1392
1395,1396
1397,1399
1402,1403
1406,1407
1412,839
1420,1421
1422,251
1443,322
1466,322
1444,322
1445,322
1430,322
1476,1487
1488,1489
1492,1493
1498,844
1524,1525
1526,16
1527,676
1530,1531
1532,1535
1537,443
1677,1678
1679,1680
1683,666
1708,1709
1710,666
1711,536
1739,1740
1745,1746
36,35
68,1768
1795,1796
1798,1799
1800,1799
1801,783
1802,1803
1804,783
1822,651
1828,1829
1830,807
238430,395
1839,1840
1846,1746
1847,1848
1849,1850
238437,1852
238438,1854
238439,1495
1879,1880
1883,1884
1885,1886
1887,1888
1889,1890
1901,1902
1903,16
1904,1905
367,1907
1911,1912
1913,1914
1915,1916
1917,839
1922,1923
1924,1925
1926,1925
1743,1927
1742,1929
1930,1931
1969,1970
1971,1905
1905,1908
1964,1976
1979,1980
1981,1070
1982,1983
1989,1990
1991,1992
2001,2002
2003,2004
2005,2004
2006,2007
2019,2020
2021,461
2023,2024
2025,2026
2028,2029
2030,919
2033,16
2034,807
238507,395
2036,2037
238153,1210
2041,16
2042,16
2043,16
965,2044
2048,807
2051,2052
2068,16
2069,2070
2069,2071
2072,2074
2076,16
2077,2078
2079,793
2084,839
2092,16
2093,16
2094,2093
2097,16
2098,16
2099,2098
2100,2101
2102,16
2103,2104
2105,2106
3178,3179
3180,3181
3184,827
3185,797
3186,826
3187,833
3189,2044
3190,839
3192,788
3193,16
3218,1403
3253,1976
3257,16
3258,16
3262,3263
3264,16
3265,16
3266,3267
3268,16
3269,16
3270,16
3271,3273
240157,3276
3274,3277
3280,3281
3282,16
3283,1804
3286,3287
3288,785
3290,16
3292,3293
3295,3296
3300,3301
3302,3283
3303,1493
3304,16
3308,16
3309,3310
3311,16
3312,3313
3314,3315
3319,3320
3324,3325
3328,16
3329,16
1212,936
3334,16
3335,550
3339,550
3340,16
3341,550
3342,16
3344,16
2012,3374
3380,16
3381,853
3387,16
3388,16
3406,3407
3408,3406
3409,3406
3410,3406
3411,3406
3412,3406
3413,3414
3415,16
3416,16
3417,3416
3422,936
3425,16
3426,3425
3427,2044
3428,16
3429,16
3431,16
3432,3431
2026,2044
3433,2044
3434,16
3436,16
3437,16
3430,3263
3443,1325
240195,3446
3449,3450
3451,797
3452,16
3453,3452
3454,797
3455,16
3456,3455
3457,16
3458,16
3459,3458
3460,16
3461,3460
3464,550
3343,2044
3466,16
3467,16
3469,16
3470,16
3476,3477
3481,3482
3485,3486
3491,16
3492,3491
683,3493
3494,16
3495,3494
3496,16
3497,16
3498,16
3502,3498
3501,3498
3503,16
3504,3505
3506,1888
3507,16
3509,3507
3510,3507
3511,3507
3512,16
3513,3512
3514,3512
3515,3516
3517,3516
3518,16
3519,3521
3525,3526
3524,3527
3531,724
3532,3533
3548,16
3549,3548
3551,3552
3553,16
3554,16
3555,3556
3557,16
3558,785
3559,16
3560,3559
3561,785
3563,2037
3569,3482
3570,839
3571,1894
3574,3575
1062,1927
3625,1929
3632,3633
3636,3477
3644,3645
3647,3648
3650,3648
3670,3671
3672,3648
3672,3673
3681,2052
3682,3683
3696,3697
3703,3704
3707,3325
3710,35
3712,35
3714,16
3719,2696
3721,2109
3740,944
3748,3749
3767,3768
3769,322
3772,16
3773,3774
3775,3773
3776,3773
3774,3778
3781,839
3790,3791
3793,797
3795,3277
3796,3791
3800,3802
3803,793
3804,793
3806,861
3807,807
3809,16
3818,3819
3823,3825
3825,1908
3826,1282
3827,1282
3828,1282
3829,1282
3830,1282
3849,3850
3851,3853
3854,797
3855,783
3856,3857
3866,3867
3870,3872
3873,636
3874,705
3875,707
3876,3877
3878,2052
3879,3880
3888,3889
3890,3891
3892,3893
3894,3895
3896,3897
3898,16
3899,16
3900,16
3901,16
3902,3903
3906,3907
2211,3910
3914,919
3929,853
3939,3940
3941,3942
3941,3943
3944,3946
3947,3948
3951,3952
3953,3952
3952,3954
3955,3957
3970,1925
3975,1912
3981,3948
3985,1077
3986,16
3987,3986
3988,3986
3989,3990
3991,3992
4007,4008
4009,4010
540,4012
4021,322
4037,4038
4042,4043
4057,4058
4060,4061
4062,4063
4066,4067
4070,3948
4071,4072
240393,1318
240396,1318
240395,4086
240397,1318
4092,4093
4094,724
4098,35
1463,724
4075,724
4137,4138
4203,4206
4209,4210
4211,4213
4220,4221
4222,1318
4227,4228
4235,4236
4261,4262
4263,4264
4270,724
4046,4272
4283,4284
4293,3817
4294,4295
4298,35
4305,765
4306,724
4314,4315
4316,4317
4318,644
4328,4329
4335,724
4342,3743
4344,3743
4351,4352
4353,724
4355,4221
4357,35
4362,717
4375,4376
4377,4378
4383,724
4385,4386
1270,4210
4393,4206
4395,4210
1273,4210
4397,4398
4399,3320
4400,1992
851,3263
4404,16
4407,4408
4426,3802
4434,2052
4443,4444
4445,2052
4454,828
4459,3802
4460,4462
4464,4465
4466,666
4467,936
4471,666
4473,2052
4474,2052
4480,3802
4481,1840
4482,4483
4484,919
4488,4490
1734,4500
4505,4507
4507,1908
885,35
240527,4522
4537,3948
4538,4539
4556,4557
240536,667
4574,4557
4575,116
4578,4579
4580,4583
4584,807
606,3857
4588,4589
4592,4490
4599,2024
4615,2020
4629,4630
4631,4632
4633,4210
4635,919
4637,4639
4640,4637
4644,4648
4652,844
4653,4654
4655,16
4656,3857
4667,633
4668,4669
4670,4671
4672,2122
4693,4694
4695,4696
69,35
4701,717
4698,3648
4702,4703
4706,2052
4707,4708
4709,4708
4710,2052
4711,2052
4712,2052
4713,4714
4911,4912
4913,749
4921,4923
4924,4925
4926,16
4927,4926
4928,4703
4929,16
4930,4931
4050,4378
4934,4935
4936,4937
692,4939
4940,1912
4944,1983
4945,692
4947,4948
4949,4950
5382,5383
5384,5385
5386,3857
5396,5397
5398,5399
5401,3280
5402,1487
5403,919
5405,4221
5407,636
5419,705
5420,707
5436,3179
5439,5440
5441,19
5442,19
5444,3948
5445,5446
5447,4483
5448,5447
5449,5447
4483,5451
5452,2026
5454,4419
5456,5457
5458,936
264,5461
5481,5482
5484,16
5485,2020
5486,797
5490,5491
5492,16
5493,936
5495,35
5496,5495
5496,35
3713,5495
3713,35
5513,5514
5590,1555
5590,5591
1118,1555
5638,35
5639,35
5934,2020
4939,5935
4939,3943
5944,16
5945,5944
5961,921
1130,5977
5987,5988
6055,6056
6055,3943
6057,5436
6058,3374
6060,322
6062,785
5227,2029
6073,1992
6074,3774
6075,6074
6076,6074
4546,35
70,35
6080,3648
6082,6083
6085,6084
6086,35
6088,35
6090,35
6091,6092
6093,807
6109,793
6111,6112
6113,2070
6113,2071
6114,6115
6116,2026
6117,16
6118,2026
6119,6120
6121,16
3242,900
6126,6127
6133,6134
6140,16
6141,6142
6147,677
6148,6
6192,936
6195,16
6196,6197
6198,6199
6200,58
6201,839
6203,839
6205,6206
6207,550
6208,1803
6210,6211
6237,16
6238,5594
6242,461
6243,911
5389,911
6251,6252
5129,911
4018,3486
4982,2401
6266,620
6270,839
6271,16
6272,6271
6273,16
6274,6273
6275,16
6276,16
6277,6276
6329,839
6331,4043
6321,1318
6293,3857
6344,384
6374,16
6375,6374
6376,6374
6379,16
6380,807
6382,6383
6384,6385
6386,6387
6390,6391
6392,6393
6396,6397
6398,6399
6400,6398
6400,6401
6405,3645
6413,245
6421,3748
6427,6428
6439,16
6440,3320
6441,3857
6446,4490
6450,724
6451,724
6455,3683
6457,6458
6459,2119
6460,4912
6494,3689
6517,6518
6521,6522
6523,4211
6525,6526
6527,724
1089,3748
6532,6533
6536,6537
6538,6539
6542,6543
6544,16
6554,1399
6555,6556
6558,3533
6559,6560
6561,6562
6565,6566
4820,35
6573,3992
6576,6578
6582,724
6567,6586
5462,717
4983,2401
6588,6252
6590,1912
6592,16
6593,16
6594,16
6595,6594
6596,16
6597,16
6598,16
6599,16
6600,16
6602,6600
6603,839
6605,16
6607,717
6621,6622
6619,6623
6628,6629
6632,6633
6634,6633
6638,6636
6639,6636
6640,6636
6641,6636
6642,6636
6643,6636
6644,6636
6645,6636
6646,6636
6647,6636
6648,6636
6649,6636
6650,6636
6651,6636
6652,6636
6653,6633
6858,6633
6859,6633
6860,6633
6861,6633
6862,6633
6863,6633
6864,512
6657,6654
6865,6654
6659,6654
6867,6654
6868,6654
6866,6654
6661,6654
6869,6654
6870,6654
6663,6654
6871,6654
6872,6654
6665,6654
6873,6654
6874,6654
6875,6666
6876,6666
6668,6666
6877,6666
6878,6666
6879,6666
6670,6666
6880,6666
6881,6666
6882,6666
6883,6666
6884,6666
6672,6666
6885,6666
6886,6666
6887,6666
6675,6673
6888,6673
6889,6673
6890,6673
6677,6673
6891,6673
6892,6673
6893,6673
6679,6673
6894,6673
6895,6673
6896,6673
6897,6673
6898,6673
6688,6680
6682,6680
6684,6680
6906,6680
6907,6680
6902,6680
6903,6680
6904,6680
6905,6680
6686,6680
6908,6680
6909,6680
6910,6680
6911,6680
6912,6680
6913,6680
6914,6680
6915,6680
6916,6680
6917,6680
6899,6680
6900,6680
6901,6680
6690,6680
6692,6680
6919,6680
6918,6680
6920,6680
6921,6680
6694,6680
6922,6680
6923,6680
6696,6680
6924,6680
6925,6680
6926,6680
6698,6680
6927,6680
6928,6680
6929,6680
6930,6699
6931,6699
6932,6699
6933,6699
6934,6699
6935,6699
6702,6700
6936,6700
6937,6700
6938,6700
6704,6700
6943,6700
6944,6700
6945,6700
6939,6700
6940,6700
6941,6700
6942,6700
6946,6700
6707,6705
6947,6705
6948,6705
6949,6705
6950,6705
6709,6705
6951,6705
6952,6705
6953,6705
