18,3,237641
237641,4,18
18,5,21
18,5,22
18,5,23
18,5,24
18,5,25
18,5,26
18,5,27
18,5,28
18,5,29
18,5,30
18,6,31
18,7,32
18,8,33
34,9,36
34,9,37
34,9,38
34,9,39
34,9,40
34,9,41
34,9,42
34,9,43
34,9,44
34,9,45
34,10,46
34,11,47
34,12,48
34,7,32
34,13,49
52,15,54
48,18,65
48,18,66
48,19,18
48,20,34
48,20,67
48,20,36
48,20,68
48,20,69
48,20,70
48,20,71
48,20,72
48,20,73
48,20,74
48,20,75
48,20,76
48,20,77
48,20,78
48,20,79
48,20,80
48,20,81
48,20,82
48,20,83
48,20,84
48,20,85
48,20,86
48,20,87
48,20,88
48,20,89
48,20,90
48,20,91
48,20,92
48,20,93
48,20,94
48,20,95
48,20,96
48,20,97
48,20,98
48,20,99
48,20,100
48,20,101
48,20,102
48,20,103
48,20,104
48,20,105
48,20,106
48,20,107
48,20,108
48,20,109
48,20,110
48,20,111
48,20,112
48,20,113
48,20,114
48,20,115
48,20,116
48,20,117
48,20,118
48,20,119
48,20,120
48,20,121
48,20,122
48,20,44
48,20,123
48,20,124
48,20,125
48,20,126
48,20,127
48,20,128
48,20,129
48,20,130
48,20,131
48,20,132
48,20,133
48,20,134
48,20,135
48,20,136
48,20,137
48,20,138
48,20,139
48,20,140
48,20,141
48,20,142
48,20,143
48,20,144
48,20,145
48,20,146
48,20,147
48,20,148
48,20,149
48,21,150
48,21,151
48,21,152
48,21,153
48,21,154
179,26,64
179,26,181
184,31,189
198,34,201
172,18,207
172,18,208
172,18,209
172,18,210
172,18,211
221,3,223
221,3,224
221,3,225
221,3,226
221,3,227
221,38,228
221,38,229
221,38,92
221,38,93
221,38,41
221,38,230
221,38,231
221,38,232
221,38,233
221,38,234
221,38,142
221,38,235
244,42,246
244,12,247
254,43,256
254,43,257
268,44,270
271,43,273
271,43,274
275,43,277
275,43,278
279,43,281
279,43,282
279,43,283
284,43,281
284,43,286
287,43,289
290,43,292
293,43,295
255,44,270
297,44,270
297,43,299
297,43,300
297,43,301
302,44,270
304,44,270
306,44,270
308,43,310
311,43,313
314,43,316
317,44,270
317,43,319
317,43,320
317,43,321
277,42,275
277,42,323
277,45,324
277,10,325
277,10,326
277,38,327
277,19,328
277,13,324
277,13,329
273,42,271
273,45,330
273,38,331
273,19,332
273,13,333
324,46,277
324,47,277
324,48,277
330,48,273
289,42,287
289,42,335
289,10,326
289,38,327
289,19,328
289,13,336
281,42,279
281,42,284
281,10,337
281,10,338
281,38,339
281,19,332
281,13,340
282,42,279
282,42,341
282,45,342
282,49,343
282,10,344
282,10,345
282,10,346
282,50,347
282,38,348
282,38,349
350,34,201
355,34,201
436,31,189
441,61,442
386,61,442
467,24,439
492,56,494
492,34,201
538,59,540
20,6,668
669,87,671
669,19,670
681,88,655
691,22,693
710,89,711
710,90,712
716,49,581
716,91,718
716,19,571
719,12,720
723,89,711
732,89,711
67,51,358
67,6,737
67,12,48
67,19,738
739,43,426
754,93,755
756,93,755
763,90,766
763,19,298
776,95,778
784,42,786
806,56,237852
237852,17,808
815,81,237854
237854,70,237853
237853,99,816
838,32,840
847,93,848
850,93,851
852,26,854
855,100,856
875,56,237861
237861,17,871
494,102,898
903,26,904
903,28,905
906,103,256
906,104,909
906,19,266
910,105,912
910,105,913
910,3,914
910,3,915
910,3,916
910,3,917
910,19,266
914,10,920
914,19,910
914,19,266
914,13,915
915,10,914
915,103,922
915,106,923
915,19,910
915,13,924
915,13,256
915,13,925
935,95,933
935,95,937
935,95,938
935,95,939
940,42,942
940,107,237874
237874,17,943
940,76,945
957,29,958
1295,34,201
1324,56,237852
1324,26,155
1324,26,1326
1324,26,1327
1324,26,1328
1324,26,1329
1324,26,1330
1324,26,955
1324,28,1331
1334,26,1336
1340,26,1341
1340,26,1342
1340,26,1343
1349,7,1350
1355,123,1356
1367,124,1368
1397,34,201
1400,34,201
1412,26,1413
1412,26,1414
1412,26,1415
1412,26,1416
1412,26,1417
1412,26,1418
1412,28,1419
1424,44,270
1425,43,1426
1427,43,1428
1429,43,1430
1431,43,1430
1431,43,1432
1433,43,1434
1435,43,1436
1437,44,270
1437,43,1438
1437,43,1439
1437,43,1440
1437,43,1441
1442,44,270
1442,43,1443
1442,43,1444
1442,43,1445
1442,43,1446
1442,43,1447
1448,44,270
1449,44,270
1450,44,270
1451,43,1452
1453,43,1454
1455,43,1456
1457,44,270
1457,43,1458
1457,43,1459
1443,42,1442
1443,42,1460
1443,49,343
1443,10,1461
1443,50,1462
1443,38,1463
1443,38,1464
1443,13,1465
1466,42,1467
1466,10,1468
1466,10,1469
1466,10,1470
1466,10,1471
1466,10,1472
1466,38,327
1466,19,328
1466,13,336
1444,42,1442
1444,42,1460
1444,49,343
1444,10,1473
1444,50,1462
1444,38,1463
1444,13,1465
1445,42,1442
1445,42,1474
1445,42,1460
1445,49,343
1445,10,1475
1445,10,1461
1445,50,1462
1445,38,1464
1445,13,1476
1430,125,1479
1430,42,1429
1430,42,1431
1430,45,1480
1430,10,1481
1430,10,1482
1430,10,1483
1430,10,1484
1430,38,331
1430,19,332
1430,13,340
1430,13,1485
1476,106,1465
1476,10,1445
1476,19,298
1510,117,1512
1712,135,1714
1715,12,1717
1715,19,1718
1719,19,1721
1722,12,1717
1722,19,1718
1726,19,535
36,91,34
36,12,48
36,7,1750
36,137,68
1500,117,1754
1500,138,1755
1500,138,1756
1500,138,1757
68,139,1500
68,139,1769
68,117,1770
68,138,1500
68,138,1769
68,140,1771
68,140,1772
68,105,1773
68,141,1774
68,3,1775
68,12,48
68,7,1776
68,38,36
68,38,124
68,38,1777
68,19,1778
1791,34,201
1791,23,1792
1795,86,1797
1805,86,1807
1805,95,1808
1830,56,238430
238430,17,1831
1830,26,1832
1830,26,1833
1830,26,1834
1830,26,1835
1830,26,1836
1830,26,1837
1830,28,1838
1839,142,1841
1849,143,238437
238437,17,1851
1849,55,238438
238438,97,1853
1849,55,238439
238439,33,1855
1849,28,1856
367,139,1908
1917,26,1918
1917,26,1919
1917,26,1920
1917,26,1921
1971,31,1974
1991,154,1993
1991,154,1994
1991,154,1995
2018,34,201
2021,51,363
2021,63,462
2021,34,201
2023,7,1776
2023,8,1388
2028,90,1388
2030,10,2031
2030,13,2032
2034,56,238507
238507,17,2035
2036,95,778
2038,22,238153
238153,33,3
2041,93,986
2048,28,2049
2072,22,2075
2079,93,1038
2079,86,2080
2079,95,2081
2084,26,1414
2084,26,2086
2084,26,2087
2084,26,2088
2084,26,2089
2084,26,1837
2084,26,2090
2084,28,2091
2092,93,978
3190,32,3191
3274,175,240157
240157,17,3275
3288,42,3289
3292,42,3294
3295,117,3297
3304,93,974
3324,44,201
1212,95,3330
1212,95,3331
1212,95,3332
1212,95,3333
3335,88,1212
3339,88,1212
3340,88,1212
3341,88,1212
3342,88,3343
3342,88,1226
3344,88,1212
3351,176,3353
3354,177,3356
2918,19,3364
3365,179,3367
3368,179,3370
2012,42,3375
2012,42,3376
2012,6,3377
2012,19,3378
3381,26,3382
3381,26,3383
3381,26,3384
3381,26,3385
3381,26,3386
3420,34,201
3422,95,933
3422,95,3423
3422,95,3424
3422,95,939
3429,93,3430
2026,95,829
3437,93,755
3443,26,3445
3443,26,1330
3443,26,240195
240195,33,3447
240195,35,3441
3443,28,3448
3452,93,1048
3458,93,1054
3460,93,993
3467,88,3343
3467,88,3468
3469,88,3343
3470,93,1036
3470,88,3343
3481,19,3483
3485,182,3487
3485,183,3479
3485,6,3488
3485,22,3489
3485,19,3490
3496,93,1054
3498,93,3499
3507,93,3508
3512,93,3499
3519,90,3522
3525,11,1732
3524,184,3528
3524,47,3529
3524,25,3530
3549,88,3550
3559,93,972
3561,42,3289
3570,28,3565
3576,34,201
3644,10,1737
3644,11,3646
3644,12,602
3644,13,1734
3647,106,3649
3650,90,1734
3672,3,3674
3672,38,3675
3672,19,1734
3649,138,3676
3649,140,3647
3688,61,1276
3688,100,3693
3705,44,201
3707,44,201
3710,91,81
3710,7,3711
3712,9,3713
3712,91,97
3712,7,3711
3714,93,755
3719,106,3720
21,7,1750
3769,42,3770
3769,49,581
3769,50,347
3769,38,3771
3781,56,238430
3781,26,3783
3781,26,3784
3781,28,3785
3795,175,240157
3800,189,3803
3800,189,3804
3800,189,3805
3803,93,1038
3803,86,2080
3803,95,3800
3804,93,1038
3804,95,3800
3807,56,494
3807,100,856
3807,26,1942
3807,26,1944
3807,26,3808
3858,135,3860
3861,7,1776
3870,90,3871
3882,34,201
3888,95,780
3902,46,2167
3902,190,453
3902,3,2211
3902,3,2658
3902,3,3904
3902,3,3905
3902,47,2167
3902,25,453
3902,191,3906
3906,18,3902
3906,18,453
3906,191,2204
2211,19,3902
3929,26,3930
3929,26,3931
3944,79,3945
3949,56,494
3949,34,201
1413,34,201
3993,105,3995
3993,135,3860
3993,6,31
3993,192,3996
3993,192,3997
3993,192,3998
3993,192,339
3993,192,3999
3993,192,3771
3993,192,4000
3993,193,4001
3993,193,4002
3993,193,4003
3993,193,4004
3993,19,2186
4021,42,4022
4021,38,4023
4021,19,3543
4034,91,4035
4034,137,4036
4037,9,4039
4037,91,4040
4037,10,4041
4037,19,3811
4037,13,4042
4037,137,589
4042,195,4039
4042,47,4037
4042,25,4039
4042,19,3811
4039,184,4042
4039,10,4042
4045,7,1776
448,3,4050
448,3,4051
448,3,4052
448,3,1547
448,3,1953
448,3,4053
448,20,4054
448,20,4055
448,20,4056
4057,184,4041
4057,91,4040
4057,137,4059
4062,19,4064
4062,13,4065
4066,184,4068
4066,12,4069
4066,19,3811
4071,82,4073
4071,7,3711
4071,193,4073
4071,193,4074
4071,20,4075
4071,20,4076
4071,20,4077
4071,20,4078
4071,20,4079
4071,20,4080
4071,20,4081
4071,20,4082
4071,20,240393
240393,15,54
240393,106,1945
4083,10,240396
240396,15,54
240396,197,240395
240395,17,4085
240396,106,4087
4083,13,240397
240397,15,54
240397,197,240395
240397,106,4088
4094,9,4095
4094,9,4096
4094,89,711
4094,91,4097
4094,137,301
4098,9,4099
4098,9,4100
4098,9,4101
4098,9,4102
4098,9,4103
4098,9,147
4098,9,4104
4098,9,4105
4098,91,4106
4098,12,602
4098,7,1776
1463,91,4107
1463,137,1443
1463,137,1444
1463,137,4108
1463,137,1446
1463,137,298
1463,137,1447
1463,137,4109
4112,9,4114
4112,137,1590
4075,89,711
4075,91,4115
4075,12,4071
4075,12,1673
4118,198,4119
4118,198,4001
4118,198,1438
4120,198,321
4120,198,1459
4120,198,4121
4120,198,4122
4120,198,4123
4120,198,4124
4120,198,4125
4120,198,4003
4126,198,4127
4126,198,4128
4126,198,4129
4126,198,4130
4131,198,4132
4131,198,4133
4131,198,301
4131,198,4134
4139,44,270
4139,43,4140
4139,43,4141
4139,43,805
4139,43,4142
4139,43,4143
4139,43,4144
4139,43,4145
4139,43,4146
4147,44,270
4148,44,270
4149,44,270
4149,43,4119
4149,43,4001
4149,43,4002
4149,43,4003
4150,43,4152
4153,43,4154
4153,43,4155
4153,43,1426
4153,43,274
4156,43,4157
4156,43,278
4156,43,1428
4158,43,283
4159,43,286
4159,43,1432
4159,43,4160
4159,43,283
1467,43,1466
1467,43,4161
4162,43,292
4162,43,4163
4162,43,1434
4164,43,295
4164,43,1436
4165,44,270
4165,43,4119
4165,43,1438
4165,43,256
4165,43,1440
4166,44,270
4166,43,4167
4166,43,1447
4166,43,4133
4166,43,4168
4166,43,301
4169,44,270
323,43,277
323,43,4172
323,43,4140
323,43,4173
4174,43,4121
4176,43,4172
4176,43,4140
4176,43,4173
335,43,289
335,43,4141
4179,43,4172
4179,43,4140
4179,43,4173
4181,43,4172
4181,43,4140
4181,43,4173
4183,43,4122
4183,43,4123
4185,44,270
4185,43,4186
4185,43,805
4185,43,1446
4185,43,4144
4185,43,4187
4185,43,301
4185,43,4188
4185,43,4189
4190,44,270
4191,44,270
4192,43,4193
4192,43,310
4192,43,1452
4194,43,313
4194,43,1454
4195,44,270
4196,44,270
4198,43,4200
4201,43,316
4201,43,1456
4202,44,270
4202,43,321
4202,43,1459
4202,43,4121
4202,43,4122
4202,43,4124
4203,19,4207
4214,13,4217
4218,10,4217
4220,19,4222
4222,106,4223
4222,3,4220
4222,3,4224
4222,3,4225
4222,3,4226
4227,9,4229
4227,91,4230
4227,7,1750
4233,91,4234
4233,137,1949
4233,137,112
4235,137,1657
4237,91,4239
4240,91,4239
4242,91,4244
4245,91,4244
4247,91,4244
4249,91,4239
4251,91,4244
4253,91,4239
4255,91,4239
4257,91,4239
4259,91,4244
4263,9,4265
4263,9,4266
4263,9,4267
4263,91,4268
4263,95,4269
4270,89,711
4270,91,339
4270,137,4123
4270,137,4271
4046,7,1776
4273,10,4275
4276,10,4278
4279,10,4281
4283,184,4285
4283,10,2489
4283,13,4286
4294,10,4296
4294,13,4297
4298,49,343
4278,13,4302
4278,13,4303
4305,106,396
4306,89,711
4307,12,4071
4321,10,4323
4328,91,4330
4328,12,4069
4328,7,1750
4328,137,616
4335,89,711
4335,91,4336
4335,137,4337
4335,137,4338
4335,137,4339
4335,137,1388
4234,9,4233
4234,91,83
4342,36,2658
4344,36,4345
4347,182,4349
4347,182,4350
4353,91,4354
4355,19,4356
4357,9,4358
4357,49,343
4357,91,4359
4357,202,1650
4357,19,2167
4357,95,4269
4362,49,343
4362,91,4363
4362,19,2167
4365,38,1177
4372,38,4373
4372,191,4374
4377,3,4052
4377,3,1547
4377,19,4379
4383,91,4384
4383,7,1776
4393,19,4207
4404,93,1003
3852,86,4418
3852,95,1808
4426,189,4427
4426,189,4428
4426,189,4429
4435,205,4437
4459,189,4428
4460,95,4463
4467,95,4468
4467,95,4469
4467,95,3332
4467,95,4470
4481,142,1841
4484,10,4486
4484,90,2305
4484,13,4487
4488,90,4491
4493,51,363
4495,34,201
1734,105,3650
1734,3,4501
1734,7,32
1734,47,3644
1734,25,4502
1734,179,4503
1734,8,4502
4505,34,201
885,45,4508
885,45,47
885,49,343
885,7,32
885,206,4509
885,95,4269
885,95,4510
1120,9,4519
1120,9,4520
1120,9,4521
1120,45,240527
240527,106,1120
4528,89,4530
4528,95,4269
150,7,32
150,200,48
4538,90,4540
4538,19,4541
4547,7,3711
4547,19,4532
4549,15,1139
4549,40,240
4552,15,1139
4552,40,242
4014,15,54
4532,105,4526
4532,105,4544
4532,105,4558
