62 0
229 0
250 0
249 0
254 0
381 0
380 0
379 0
378 0
377 0
447 0
446 0
445 0
331 0
332 0
333 0
334 0
335 0
336 0
337 0
338 0
339 0
340 0
341 0
342 0
343 0
344 0
345 0
346 0
347 0
348 0
349 0
350 0
351 0
352 0
353 0
354 0
355 0
356 0
357 0
358 0
359 0
360 0
361 0
362 0
363 0
364 0
365 0
366 0
367 0
368 0
369 0
370 0
371 0
372 0
373 0
374 0
375 0
376 0
387 0
388 0
389 0
390 0
391 0
392 0
393 0
394 0
395 0
396 0
397 0
398 0
399 0
400 0
132 0
498 0
499 0
500 0
501 0
502 0
503 0
504 0
505 0
506 0
507 0
508 0
509 0
510 0
511 0
512 0
478 0
425 0
426 0
427 0
428 0
429 0
430 0
431 0
432 0
433 0
434 0
435 0
436 0
437 0
438 0
439 0
440 0
441 0
442 0
443 0
444 0
451 0
452 0
453 0
454 0
18 0
19 0
20 0
21 0
22 0
23 0
24 0
25 0
26 0
27 0
28 0
29 0
30 0
31 0
32 0
33 0
34 0
35 0
42 0
43 0
44 0
45 0
46 0
47 0
48 0
231 0
228 0
227 0
226 0
225 0
224 0
221 0
220 0
219 0
218 0
217 0
216 0
215 0
214 0
213 0
212 0
211 0
174 0
173 0
172 0
171 0
170 0
169 0
168 0
167 0
166 0
165 0
164 0
163 0
162 0
161 0
160 0
159 0
158 0
81 0
82 0
83 0
84 0
85 0
86 0
87 0
88 0
89 0
90 0
91 0
92 0
93 0
94 0
95 0
96 0
97 0
98 0
99 0
100 0
101 0
102 0
103 0
104 0
105 0
106 0
107 0
108 0
109 0
110 0
111 0
112 0
113 0
114 0
115 0
116 0
117 0
118 0
119 0
120 0
121 0
122 0
123 0
124 0
125 0
126 0
127 0
128 0
129 0
130 0
131 0
283 0
284 0
285 0
286 0
287 0
288 0
289 0
290 0
291 0
292 0
293 0
294 0
295 0
296 0
497 0
513 0
514 0
515 0
516 0
517 0
479 0
157 0
156 0
155 0
154 0
153 0
152 0
151 0
150 0
149 0
148 0
147 0
146 0
145 0
144 0
143 0
142 0
141 0
140 0
139 0
138 0
137 0
136 0
135 0
134 0
133 0
196 0
195 0
194 0
193 0
192 0
191 0
190 0
189 0
188 0
187 0
186 0
185 0
184 0
183 0
182 0
181 0
180 0
179 0
178 0
177 0
176 0
175 0
